2007	1	7 9 5	105	wzy	0	0.00
2007	2	1 6 8	102	wss	0	0.00
2007	3	0 1 9	102	wss	0	0.00
2007	4	0 1 8	102	wss	0	0.00
2007	6	7 3 3	109	iop	0	0.00
2007	7	3 8 6	109	iop	0	0.00
2008	8	0 2 6	106	dh	0	0.00
2008	9	4 2 5	106	dh	0	0.00
2008	10	3 8 3	106	dh	0	0.00
2008	11	5 6 3	104	yq	0	0.00
2008	12	1 4 1	104	yq	0	0.00
2008	13	4 5 7	104	yq	0	0.00
2009	14	7 6 9	104	yq	0	0.00
2009	15	8 6 8	104	yq	0	0.00
2009	16	4 2 4	104	yq	0	0.00
2009	17	8 7 8	104	yq	0	0.00
2010	18	1 2 7	104	yq	0	0.00
2010	19	1 5 2	104	yq	0	0.00
2010	20	9 0 4	104	yq	0	0.00
2010	21	0 7 7	104	yq	0	0.00
2010	22	7 7 8	104	yq	0	0.00
2010	23	0 0 6	104	yq	0	0.00
2011	24	5 8 8	104	yq	0	0.00
2011	25	2 0 2	104	yq	0	0.00
2011	26	5 7 6	104	yq	0	0.00
2011	27	4 3 2	104	yq	0	0.00
2011	28	3 4 3	104	yq	0	0.00
2011	29	9 2 0	104	yq	0	0.00
2012	30	7 1 0	104	yq	0	0.00
2012	31	5 1 1	104	yq	0	0.00
2012	32	5 6 3	104	yq	0	0.00
2012	33	1 3 6	104	yq	0	0.00
2012	34	4 6 7	104	yq	0	0.00
2013	35	1 2 3	104	yq	0	0.00
2014	36	1 2 3	104	yq	0	0.00
2015	37	8 4 4	107	tr	0	0.00
2015	38	7 0 9	107	tr	0	0.00
2015	39	7 2 0	107	tr	0	0.00
2015	40	5 8 7	107	tr	0	0.00
2015	41	6 5 1	107	tr	0	0.00
2015	42	3 8 7	107	tr	0	0.00
2015	43	3 7 5	104	yq	0	0.00
2015	44	6 3 6	104	yq	0	0.00
2015	45	4 2 2	104	yq	0	0.00
2015	46	4 4 8	105	wzy	0	0.00
2015	47	0 3 0	105	wzy	0	0.00
2015	48	1 9 4	105	wzy	0	0.00
2015	49	2 6 5	105	wzy	0	0.00
2015	50	4 1 3	105	wzy	0	0.00
2015	51	9 1 1	102	wss	0	0.00
2015	52	0 0 5	102	wss	0	0.00
2015	53	5 3 1	102	wss	0	0.00
2015	54	2 9 2	102	wss	0	0.00
2015	55	3 0 9	102	wss	0	0.00
2016	56	6 6 0	104	yq	0	0.00
2016	57	3 7 0	104	yq	0	0.00
2016	58	5 5 1	104	yq	0	0.00
2016	59	5 4 4	104	yq	0	0.00
2016	60	4 8 8	104	yq	0	0.00
2017	61	8 7 5	104	yq	0	0.00
2017	62	3 3 8	104	yq	0	0.00
2017	63	0 1 0	104	yq	0	0.00
2017	64	9 3 6	104	yq	0	0.00
2017	65	8 7 1	104	yq	0	0.00
2019	66	3 2 4	104	yq	0	0.00
2019	67	3 0 3	104	yq	0	0.00
2019	68	6 8 3	104	yq	0	0.00
2019	69	7 7 4	104	yq	0	0.00
2019	70	4 3 0	104	yq	0	0.00
2020	71	9 1 2	104	yq	0	0.00
2020	72	2 7 7	104	yq	0	0.00
2020	73	0 5 3	104	yq	0	0.00
2020	74	3 6 5	104	yq	0	0.00
2020	75	7 0 6	104	yq	0	0.00
2021	76	0 3 4	104	yq	0	0.00
2021	77	6 5 7	104	yq	0	0.00
2021	78	8 6 9	104	yq	0	0.00
2021	79	1 3 7	104	yq	0	0.00
2021	80	9 3 1	104	yq	0	0.00
2029	81	5 8 7	106	dh	0	0.00
2029	82	0 5 0	106	dh	0	0.00
2029	83	7 7 7	106	dh	1	4.00
2029	84	8 8 2	106	dh	0	0.00
2029	85	6 0 8	106	dh	0	0.00
2029	86	6 9 5	105	wzy	0	0.00
2029	87	9 7 5	105	wzy	1	4.00
2029	88	3 1 2	105	wzy	1	4.00
2029	89	0 3 0	105	wzy	0	0.00
2029	90	4 6 5	105	wzy	0	0.00
2030	91	2 9 5	105	wzy	1	10.00
2030	92	0 6 8	105	wzy	0	0.00
2030	93	8 9 7	105	wzy	0	0.00
2030	94	2 3 9	105	wzy	2	50.00
2030	95	5 1 8	105	wzy	1	10.00
2030	96	2 6 8	107	tr	1	10.00
2030	97	1 4 0	107	tr	0	0.00
2030	98	4 5 4	107	tr	0	0.00
2030	99	8 8 8	107	tr	0	0.00
2030	100	0 1 3	107	tr	1	10.00
2031	101	9 8 0	105	wzy	0	0.00
2031	102	1 1 2	105	wzy	1	10.00
2031	103	2 3 0	105	wzy	0	0.00
2031	104	9 5 4	105	wzy	0	0.00
2031	105	4 8 7	105	wzy	0	0.00
2032	106	3 4 5	106	dh	0	0.00
2032	107	9 6 7	106	dh	0	0.00
2032	108	9 8 0	106	dh	0	0.00
2032	109	2 8 7	106	dh	0	0.00
2032	110	3 0 6	106	dh	0	0.00
2033	111	6 8 5	112	ddh	0	0.00
2033	112	0 7 5	112	ddh	0	0.00
2033	113	4 1 2	112	ddh	0	0.00
2033	114	2 4 1	112	ddh	1	2.00
2033	115	6 3 7	112	ddh	0	0.00
2034	116	9 9 2	112	ddh	0	0.00
2034	117	7 5 9	112	ddh	0	0.00
2034	118	8 0 3	112	ddh	0	0.00
2034	119	8 7 7	112	ddh	0	0.00
2034	120	5 9 6	112	ddh	1	5.00
2033	121	6 8 8	112	ddh	0	0.00
2034	122	3 1 1	112	ddh	0	0.00
2034	123	9 9 0	112	ddh	0	0.00
2034	124	0 8 4	112	ddh	0	0.00
2034	125	4 0 1	112	ddh	0	0.00
2034	126	1 1 8	112	ddh	1	5.00
2034	127	8 7 9	112	ddh	0	0.00
2035	128	7 8 2	105	WZY	1	10.00
2035	129	2 0 9	105	WZY	1	10.00
2035	130	0 0 5	105	WZY	0	0.00
2035	131	3 2 9	105	WZY	2	50.00
2035	132	4 1 5	105	WZY	0	0.00
2036	133	4 7 5	105	WZY	0	0.00
2036	134	2 6 7	105	WZY	0	0.00
2036	135	3 7 8	105	WZY	0	0.00
2036	136	9 3 6	105	WZY	0	0.00
2036	137	0 8 0	105	WZY	1	20.00
2036	138	2 3 6	112	ddh	0	0.00
2036	139	1 3 6	112	ddh	1	20.00
2036	140	8 5 7	112	ddh	0	0.00
2036	141	0 0 7	112	ddh	0	0.00
2036	142	4 1 8	112	ddh	0	0.00
2037	143	9 0 5	104	yq	0	0.00
2037	144	6 2 0	104	yq	0	0.00
2037	145	6 5 6	104	yq	0	0.00
2037	146	3 1 9	104	yq	1	2.00
2037	147	2 0 9	104	yq	0	0.00
2037	148	3 1 2	113	1	1	2.00
2037	149	6 3 6	113	1	0	0.00
2037	150	1 0 6	113	1	1	2.00
2037	151	5 3 5	113	1	0	0.00
2037	152	1 5 7	113	1	2	10.00
2037	153	3 1 2	103	qjm	1	2.00
2037	154	2 4 6	103	qjm	0	0.00
2037	155	4 2 3	103	qjm	0	0.00
2037	156	6 4 6	103	qjm	0	0.00
2037	157	9 3 8	103	qjm	0	0.00
2038	158	7 6 8	103	qjm	1	5.00
2038	159	0 0 4	103	qjm	0	0.00
2038	160	6 8 7	103	qjm	0	0.00
2038	161	6 9 9	103	qjm	0	0.00
2038	162	7 4 5	103	qjm	3	500.00
2039	163	3 2 0	103	qjm	0	0.00
2039	164	2 1 1	103	qjm	0	0.00
2039	165	1 9 9	103	qjm	1	5.00
2039	166	0 6 3	103	qjm	1	5.00
2039	167	3 0 6	103	qjm	1	5.00
2039	168	4 7 3	104	yq	0	0.00
2039	169	7 2 7	104	yq	0	0.00
2039	170	1 1 1	104	yq	1	5.00
2039	171	3 1 8	104	yq	0	0.00
2039	172	5 1 1	104	yq	0	0.00
2040	173	1 9 3	112	ddh	0	0.00
2040	174	9 6 0	112	ddh	0	0.00
2040	175	6 4 3	112	ddh	0	0.00
2040	176	0 3 2	112	ddh	0	0.00
2040	177	2 4 7	112	ddh	0	0.00
2040	178	6 8 7	103	qjm	0	0.00
2040	179	1 7 2	103	qjm	0	0.00
2040	180	7 8 4	103	qjm	0	0.00
2040	181	4 7 3	103	qjm	1	5.00
2040	182	9 8 4	103	qjm	0	0.00
2041	183	5 2 9	103	qjm	0	0.00
2041	184	4 1 8	103	qjm	0	0.00
2041	185	8 0 5	103	qjm	0	0.00
2041	186	5 5 0	103	qjm	0	0.00
2041	187	5 7 5	103	qjm	0	0.00
2042	188	7 8 9	103	qjm	0	0.00
2042	189	8 7 4	103	qjm	1	5.00
2042	190	3 6 1	103	qjm	0	0.00
2042	191	2 6 4	103	qjm	0	0.00
2042	192	4 8 1	103	qjm	0	0.00
2042	193	2 1 8	104	yq	0	0.00
2042	194	2 5 5	104	yq	0	0.00
2042	195	0 7 0	104	yq	1	5.00
2042	196	8 8 2	104	yq	0	0.00
2042	197	2 5 8	104	yq	0	0.00
